===== BAYENV2.0 =====

input file is set
number of populations is set
number of iterations is set
seed is set
TEST = 0 . So running matrix estimation
MCMC VER 0.71 (THREADED)
ITERATIONS = 10000
INPUT FILE = all_snps-staha.bnv
SEED = -12562

num_alleles = 232.000000
number of loci = 116
VAR-COVAR MATRIX: ITER = 500
3.960436e-02	-2.197649e-03	-1.553053e-02	
-2.197649e-03	5.226980e-02	-1.650055e-02	
-1.553053e-02	-1.650055e-02	8.641389e-02	

VAR-COVAR MATRIX: ITER = 1000
4.053158e-02	-1.185928e-02	-8.956007e-03	
-1.185928e-02	5.370427e-02	-1.420582e-02	
-8.956007e-03	-1.420582e-02	7.253897e-02	

VAR-COVAR MATRIX: ITER = 1500
4.201022e-02	-1.769093e-03	-7.098899e-03	
-1.769093e-03	3.076375e-02	-1.026608e-02	
-7.098899e-03	-1.026608e-02	5.992373e-02	

VAR-COVAR MATRIX: ITER = 2000
5.106494e-02	-2.109899e-03	-1.118386e-02	
-2.109899e-03	3.467140e-02	-8.823236e-03	
-1.118386e-02	-8.823236e-03	6.885613e-02	

VAR-COVAR MATRIX: ITER = 2500
4.824572e-02	-8.741351e-04	-3.388792e-03	
-8.741351e-04	3.712492e-02	-1.101113e-02	
-3.388792e-03	-1.101113e-02	5.639263e-02	

VAR-COVAR MATRIX: ITER = 3000
4.142567e-02	-3.830260e-04	-5.344544e-03	
-3.830260e-04	3.356798e-02	-1.634062e-02	
-5.344544e-03	-1.634062e-02	5.423484e-02	

VAR-COVAR MATRIX: ITER = 3500
4.438619e-02	8.094218e-03	-1.437613e-02	
8.094218e-03	4.313253e-02	-1.071662e-02	
-1.437613e-02	-1.071662e-02	4.365854e-02	

VAR-COVAR MATRIX: ITER = 4000
3.524524e-02	-2.177458e-04	-5.831486e-03	
-2.177458e-04	4.005311e-02	-1.070324e-02	
-5.831486e-03	-1.070324e-02	4.985161e-02	

VAR-COVAR MATRIX: ITER = 4500
3.202504e-02	1.491915e-03	-2.652762e-03	
1.491915e-03	3.679173e-02	-5.036424e-03	
-2.652762e-03	-5.036424e-03	4.653233e-02	

VAR-COVAR MATRIX: ITER = 5000
3.685459e-02	7.583797e-03	-5.311830e-03	
7.583797e-03	3.884057e-02	-8.243577e-03	
-5.311830e-03	-8.243577e-03	5.003179e-02	

VAR-COVAR MATRIX: ITER = 5500
3.707574e-02	-1.953072e-03	-1.247874e-02	
-1.953072e-03	3.565222e-02	-1.512658e-04	
-1.247874e-02	-1.512658e-04	7.514314e-02	

VAR-COVAR MATRIX: ITER = 6000
4.615690e-02	-5.341731e-04	-6.246747e-03	
-5.341731e-04	4.089890e-02	-8.146989e-03	
-6.246747e-03	-8.146989e-03	4.905969e-02	

VAR-COVAR MATRIX: ITER = 6500
4.630566e-02	5.418036e-03	-1.066549e-02	
5.418036e-03	4.109242e-02	-7.687081e-03	
-1.066549e-02	-7.687081e-03	4.317746e-02	

VAR-COVAR MATRIX: ITER = 7000
5.077541e-02	1.800723e-03	-1.817133e-02	
1.800723e-03	4.183960e-02	-3.658819e-03	
-1.817133e-02	-3.658819e-03	7.151571e-02	

VAR-COVAR MATRIX: ITER = 7500
3.957209e-02	-2.129765e-03	-1.342283e-02	
-2.129765e-03	3.848132e-02	-5.266436e-03	
-1.342283e-02	-5.266436e-03	5.871513e-02	

VAR-COVAR MATRIX: ITER = 8000
3.576754e-02	-1.824435e-04	-9.148467e-03	
-1.824435e-04	4.235231e-02	-2.139991e-03	
-9.148467e-03	-2.139991e-03	4.872215e-02	

VAR-COVAR MATRIX: ITER = 8500
4.151536e-02	-1.032705e-03	-5.690804e-03	
-1.032705e-03	3.279969e-02	-7.125809e-03	
-5.690804e-03	-7.125809e-03	5.390737e-02	

VAR-COVAR MATRIX: ITER = 9000
4.113933e-02	5.238362e-03	-1.457454e-02	
5.238362e-03	4.363965e-02	-4.169359e-03	
-1.457454e-02	-4.169359e-03	5.128969e-02	

VAR-COVAR MATRIX: ITER = 9500
4.291902e-02	-3.569728e-03	-1.100558e-02	
-3.569728e-03	3.718595e-02	-4.562157e-03	
-1.100558e-02	-4.562157e-03	5.248604e-02	

VAR-COVAR MATRIX: ITER = 10000
3.770389e-02	6.672548e-03	-8.163626e-03	
6.672548e-03	4.399376e-02	-1.086565e-02	
-8.163626e-03	-1.086565e-02	5.251631e-02	

